0
22
1
5
2
2019
3
15
4
51
5
41
6
0
7
-0.6412
8
-0.6744
9
-0.3406
10
1.4000
11
-4.1300
12
-2.0300
13
0

0
22
1
5
2
2019
3
15
4
51
5
42
6
0
7
-0.6354
8
-0.6730
9
-0.3392
10
1.4700
11
-4.1300
12
-2.0300
13
0

0
22
1
5
2
2019
3
15
4
51
5
43
6
0
7
-0.6427
8
-0.6739
9
-0.3294
10
1.2600
11
-3.9900
12
-1.6800
13
0

0
22
1
5
2
2019
3
15
4
51
5
45
6
0
7
-0.6451
8
-0.6773
9
-0.3387
10
1.5400
11
-4.0600
12
-2.0300
13
0

0
22
1
5
2
2019
3
15
4
51
5
46
6
0
7
-0.6437
8
-0.6837
9
-0.4319
10
76.9300
11
-22.1200
12
62.3000
13
0

0
22
1
5
2
2019
3
15
4
51
5
47
6
0
7
-0.4753
8
0.0142
9
0.1586
10
163.9400
11
123.1300
12
-67.3400
13
0

0
22
1
5
2
2019
3
15
4
51
5
48
6
0
7
0.4577
8
1.1439
9
-0.8115
10
119.2800
11
456.4700
12
-19.8100
13
0

0
22
1
5
2
2019
3
15
4
51
5
49
6
0
7
-0.0961
8
-0.4309
9
0.7457
10
55.7900
11
-41.3700
12
-66.7100
13
7
15
B5

0
22
1
5
2
2019
3
15
4
51
5
50
6
0
7
-0.1674
8
-0.8486
9
0.8433
10
245.0000
11
-146.3000
12
-7.9800
13
10

0
22
1
5
2
2019
3
15
4
51
5
51
6
0
7
0.1810
8
0.7691
9
-2.1931
10
-129.5000
11
244.0900
12
239.3300
13
13
15
B5

0
22
1
5
2
2019
3
15
4
51
5
53
6
0
7
-0.1039
8
-0.3777
9
0.7330
10
94.0800
11
-11.2000
12
-20.5800
13
16

0
22
1
5
2
2019
3
15
4
51
5
54
6
0
7
-0.1889
8
-0.7588
9
0.7915
10
273.0000
11
49.1400
12
-60.9000
13
19
14
A4
15
B5

0
22
1
5
2
2019
3
15
4
51
5
55
6
0
7
-0.0215
8
-1.1102
9
0.6783
10
297.9200
11
42.7000
12
-111.3700
13
23
14
A4

0
22
1
5
2
2019
3
15
4
51
5
56
6
0
7
-0.4387
8
-3.5248
9
2.0969
10
-361.2000
11
-328.3700
12
242.8300
13
25
14
A4
15
B5

0
22
1
5
2
2019
3
15
4
51
5
57
6
0
7
-0.0317
8
-0.8057
9
1.0150
10
33.7400
11
-0.7700
12
2.3100
13
27
14
A4

0
22
1
5
2
2019
3
15
4
51
5
58
6
0
7
0.0478
8
1.4089
9
-1.6387
10
-276.7800
11
-108.2900
12
1.6800
13
29
14
A4

0
22
1
5
2
2019
3
15
4
52
5
0
6
0
7
0.7149
8
-1.3732
9
0.4538
10
334.7400
11
327.9500
12
-166.3200
13
32
15
B5

0
22
1
5
2
2019
3
15
4
52
5
1
6
0
7
0.8813
8
-0.1708
9
0.5461
10
-127.9600
11
195.7900
12
32.6200
13
35
14
A4

0
22
1
5
2
2019
3
15
4
52
5
2
6
0
7
-0.8613
8
-0.4831
9
-0.3006
10
-49.2800
11
72.8700
12
-86.8000
13
36

0
22
1
5
2
2019
3
15
4
52
5
3
6
0
7
-0.7686
8
-0.5934
9
-0.1771
10
1.1200
11
-3.2200
12
-2.3800
13
38
15
B5

0
22
1
5
2
2019
3
15
4
52
5
4
6
0
7
-0.7598
8
-0.6090
9
-0.1669
10
0.9800
11
-3.5000
12
-2.6600
13
38

0
22
1
5
2
2019
3
15
4
52
5
5
6
0
7
-0.7613
8
-0.6066
9
-0.1752
10
1.1200
11
-3.3600
12
-2.1000
13
38

